338667
295110
372888
303111
296444
671110
532000
387555
444000
782221
394666
1307554
639111
412444
614222
398666
421332
429777
569777
784888
931999
1524442
792888
613777
601777
985777
730666
991999
1049332
1763998
1764442
2363108
2147553
1599998
1307998
1279554
1328442
2398219
1081776
991999
1211554
1375998
1214221
1153776
1236443
2505774
1514221
2831552
2608441
1782664
1399109
1535109
1375554
971998
938665
1007554
1563998
1035999
1306221
1439998
1267553
1346665
824444
833332
864443
1010665
1479998
980443
1449331
1384887
866221
1081332
1423554
1518665
1483998
1461332
1132887
1156443
1153332
1123110
1256887
1935109
1627997
1256887
1365776
1161331
2237330
1208443
1358665
1227998
1254220
1172443
1293332
1201776
1317776
1288887
