293333
392000
234666
241777
307111
368444
696444
569777
944888
713776
746221
856888
822222
1026665
973332
465777
960888
1542664
1001332
1034665
797332
741333
807999
1261776
1051110
1571554
1719109
1661332
1723998
1420442
1077776
1629331
1277776
1227998
1091999
928444
949776
841777
875110
804443
1853330
1130665
1294220
1403554
1204887
2520441
2079998
1307109
2188886
2329774
2230664
1396887
1531109
1373331
1560442
1689776
1393331
1369332
1701331
1444443
2545330
2313331
2588886
2380442
2395996
2192886
2461330
2524441
2564886
2601330
2599996
2878218
2737329
2723107
2909774
2840885
2868441
2858663
2897330
2977774
2958218
3057329
2048442
3175996
2535108
2542218
2253330
2223108
3416884
4716438
5119993
3788884
3211551
3969328
3592440
3280440
