2933
4000
1866
3911
3377
1155
3644
2400
1155
1244
977
1244
1244
1155
1066
3022
1066
1511
1244
3467
4177
1244
1422
1511
977
4355
4977
1244
2222
1244
1600
888
2489
711
2755
800
1155
1422
799
1422
2399
1244
1333
977
977
1244
2044
1155
800
5333
1155
4355
11999
1066
4177
1955
1244
711
4533
622
533
800
622
622
533
711
444
444
444
2577
711
1066
977
1333
444
622
977
977
888
889
533
799
444
533
1422
4355
444
800
533
533
711
533
444
444
977
355
622
711
533
355
