1688
622
2133
800
3110
266
355
355
444
533
1955
355
355
355
355
1866
533
355
355
444
1422
444
266
444
177
622
1422
444
1066
177
266
266
444
355
355
177
800
888
444
800
444
1066
533
355
355
622
622
533
800
1244
622
355
711
977
1244
622
711
266
1333
355
266
622
355
533
355
266
266
444
266
1333
266
888
266
889
266
533
533
622
177
622
355
266
355
266
533
355
266
444
355
266
266
266
177
266
266
177
266
355
177
266
